3,2
3,1
3,3
10,214
10,201
10,290
10,170
10,24
9,5
9,2
9,3
8,10
8,7
8,14
8,8
8,5
8,15
8,2
8,3
116,4
116,3
116,1
114,4
114,3
114,1
112,3
112,1
20,3
20,2
20,1
19,3
19,2
19,1
12,3
12,2
12,1
11,28
11,27
11,26
11,25
11,24
11,23
11,22
11,21
11,20
11,19
11,18
11,17
11,16
11,15
11,14
11,13
11,12
11,11
11,10
11,9
11,8
11,7
11,6
11,5
11,4
11,3
11,2
11,1
10,300
10,296
10,294
10,293
10,288
10,287
10,285
10,283
10,281
10,279
10,278
10,275
18,1
10,269
18,3
10,263
10,255
10,253
10,252
10,251
10,250
10,249
10,248
10,247
10,245
10,243
10,241
10,239
10,238
14,1
10,235
10,233
14,3
13,1
10,232
10,230
13,3
10,229
10,228
10,226
10,222
10,219
10,216
10,213
10,212
10,209
10,208
10,207
10,202
10,200
10,197
10,195
10,186
10,162
